/media/gustavo/Disco_2/pytorch/2025/paper/Round1/Experimentos/MSSEG2016_SwinUNETR_MONAI_GDL_bmT_e200_b16_Adam_da0.0_mpT_es40-30_ut1/ce_t15_gpu0-1
k0
epocas_completadas=2
freq_metricas_umbral=1
loss_train:0.8697414,0.60768554
dice_train:0.12837671,0.38910359
loss_val:0.75163391,0.653418
dice_val:0.09279578,0.13106416
loss_test:0.75163391,0.653418
dice_test:0.08074722,0.18469793
HD_val:102.8525416,103.37238312
HD95_val:87.12627665,91.54592387
HD90_val:81.53833008,87.52576955
ASSD_val:30.31968301,41.26919616
ASSD95_val:26.34359756,37.38311087
RVD_val:22.58385966,8.32712335
F1_val:0.18699753,0.15672993
TPR_val:0.70997272,0.50181117
PPV_val:0.14618209,0.16092545
AUC_ROC_val:0.84555736,0.74714012
AUC_PR_val:0.42959183,0.33406094
F2_val:0.24906067,0.2073378
HD_test:104.04694875,104.41666667
HD95_test:87.78126526,92.04000855
HD90_test:82.38197072,88.08550771
ASSD_test:31.08031875,35.95339129
ASSD95_test:27.08243054,32.30264929
RVD_test:7.84956964,2.62034965
F1_test:0.21137277,0.23425677
TPR_test:0.7312599,0.47817435
PPV_test:0.13429338,0.17587254
AUC_ROC_test:0.85623951,0.73534364
AUC_PR_test:0.43341677,0.32830864
F2_test:0.33957906,0.31969086
tiempo 60[sg] 0:1:0
